0.22
0.79
5.73
7.18
15.03
15.61
19.98
23.65
44.68
52.20
52.65
53.24
56.02
58.72
62.94
67.19
71.65
71.93
78.62
78.97
80.60
81.13
84.17
84.22
84.91
85.68
92.35
101.00
101.85
103.01
103.61
104.81
108.82
114.57
114.71
116.22
122.28
124.52
125.50
126.90
130.17
130.24
130.81
133.51
133.79
140.90
147.22
150.01
150.39
154.90
157.75
165.36
176.73
185.13
185.78
186.53
191.67
194.49
198.35
199.81
203.44
203.64
205.99
207.29
213.46
215.51
216.57
221.64
223.32
227.51
227.91
229.37
233.75
236.51
238.07
239.94
246.02
247.81
259.21
259.34
260.97
262.74
263.10
265.35
269.93
270.39
270.46
276.29
279.25
303.60
306.23
307.71
309.52
311.49
324.29
325.44
341.25
341.41
343.35
345.99
348.94
359.59
359.76
363.80
365.39
367.92
381.25
382.86
397.49
407.61
407.76
408.41
414.50
416.17
429.88
432.37
437.97
443.60
454.71
464.76
466.75
468.14
470.57
