1.15
1.37
0.16
0.11
2.88
1.14
0.23
6.45
2.56
4.07
0.43
0.10
0.43
0.88
0.66
5.44
0.52
3.60
0.42
0.56
3.95
2.38
12.65
1.28
1.94
0.22
1.83
2.73
1.87
0.81
2.25
2.69
1.61
1.11
0.20
1.37
2.39
1.31
4.82
0.54
1.21
1.95
1.93
2.28
1.90
3.05
1.22
0.32
2.83
0.00
7.90
3.83
0.07
2.79
1.95
0.47
1.46
3.35
2.04
1.46
0.15
5.46
2.42
3.95
6.63
2.18
1.50
1.33
2.64
5.97
1.80
1.39
0.53
0.26
3.46
3.30
0.30
5.17
0.17
5.56
4.17
0.29
0.47
1.57
0.07
1.99
1.39
0.25
0.06
8.73
6.09
10.44
0.96
3.29
5.83
3.30
2.90
1.15
2.41
1.00
0.65
0.01
0.99
5.58
3.50
6.69
0.83
1.98
0.34
1.44
1.53
1.05
0.58
4.82
1.56
0.67
3.00
2.83
2.20
3.98
4.67
1.49
0.37
